Registro_Ensina,Adaptação e Inovação,Capacidade de Execução,Colaboração e Parceria,Comunicação Empática e Mobilizadora,Desenvolvimento Contínuo,Visão Estratégica e Resolução de Problemas
240.216,0.02,0.37,0.15,0.85,0.77,0.06
240.003,0.85,0.89,0.77,0.55,0.68,0.72
240.062,0.23,0.69,0.71,0.29,0.34,0.66
240.202,0.24,0.8,0.54,0.58,0.81,0.27
240.093,1.0,0.98,1.0,1.0,0.97,0.94
250.156,0.27,0.15,0.84,0.59,0.46,0.77
240.191,0.72,0.7,0.72,0.82,0.63,0.81
250.145,0.44,0.06,0.56,0.03,0.55,0.19
240.091,0.52,0.19,0.59,0.3,0.81,0.26
240.163,0.15,0.44,0.3,0.38,0.22,0.15
240.039,0.92,0.8,0.93,0.91,0.98,0.75
240.178,0.27,0.94,0.89,0.52,0.99,0.06
240.085,0.51,0.86,0.36,0.5,0.68,0.17
240.046,0.59,0.46,0.71,0.68,0.74,0.16
250.079,0.81,0.26,0.3,0.63,0.29,0.3
240.054,0.02,0.04,0.42,0.57,0.34,0.17
240.195,0.83,0.4,0.04,0.75,0.03,0.63
250.031,0.87,0.9,0.9,0.95,0.36,0.32
250.163,0.77,0.52,0.65,0.93,0.97,0.35
240.024,0.26,0.84,0.78,0.89,0.9,0.81
250.112,0.8,1.0,0.36,0.02,0.22,0.68
250.083,0.68,0.98,0.97,0.7,0.78,0.86
250.041,0.39,0.21,0.63,0.76,0.17,0.42
240.059,0.61,0.75,0.31,0.21,0.29,0.23
240.151,0.9,0.92,0.62,0.52,0.97,0.98
240.193,0.71,0.51,0.18,0.06,0.15,0.59
250.052,0.45,0.03,0.2,0.59,0.03,0.04
240.097,0.54,0.75,0.57,0.66,0.49,0.57
250.096,0.62,0.21,0.04,0.09,0.15,0.54
240.036,0.88,0.75,0.9,0.88,0.88,0.23
250.076,0.79,0.55,0.26,0.15,0.49,0.31
240.166,0.25,0.84,0.51,0.2,0.22,0.52
240.204,0.62,0.26,0.94,0.92,0.22,0.56
240.115,0.14,0.62,0.48,0.21,0.22,0.26
240.15,0.65,0.79,0.42,0.03,0.68,0.97
240.072,0.59,0.8,0.93,0.41,0.43,0.49
250.146,0.3,0.26,0.85,0.9,0.78,0.85
250.159,0.22,0.95,0.5,0.86,0.59,0.93
240.2,0.7,0.26,0.79,0.72,0.94,0.74
250.05,0.57,0.69,0.97,0.99,0.68,1.0
250.138,0.29,0.65,0.13,0.26,0.17,0.07
250.142,0.45,0.06,0.56,0.3,0.49,0.54
240.188,0.24,0.55,0.89,0.21,0.74,0.09
250.125,0.12,0.46,0.74,0.03,0.36,0.21
240.209,0.84,0.26,0.59,0.21,0.29,0.4
250.166,0.82,0.6,0.4,0.58,0.36,0.32
250.099,0.08,0.65,0.06,0.09,0.49,0.91
240.201,0.74,0.21,0.08,0.55,0.09,0.82
240.186,0.59,0.21,0.22,0.7,0.59,0.9
240.029,0.08,0.8,0.88,0.47,0.9,0.07
240.159,0.65,0.52,0.45,0.84,0.36,0.4
250.171,0.95,0.98,0.74,0.23,0.96,0.39
240.084,0.06,0.19,0.01,0.4,0.55,0.39
240.136,0.5,0.85,0.09,0.53,0.33,0.52
250.121,0.97,0.86,0.59,0.98,0.59,0.7
250.132,0.21,0.8,0.54,0.76,0.46,0.42
250.07,0.97,0.26,0.34,0.77,0.22,0.76
240.02,0.55,0.15,0.58,0.77,0.29,0.48
240.208,0.04,0.17,0.65,0.67,0.29,0.03
240.18,0.84,0.46,0.03,0.83,0.42,0.34
250.149,0.42,0.44,0.27,0.81,0.29,0.34
250.165,0.96,0.62,0.47,0.95,0.59,0.05
250.049,0.31,0.4,0.62,0.78,0.17,0.63
240.109,0.09,0.34,0.35,0.58,0.63,0.4
240.027,0.41,0.55,0.76,0.42,0.22,0.88
240.104,0.92,0.89,0.79,0.46,0.59,0.37
240.106,0.61,0.4,0.27,0.44,0.07,0.45
240.135,0.34,0.26,0.82,0.36,0.68,0.37
250.091,0.28,0.12,0.24,0.49,0.46,0.56
240.146,0.73,0.34,0.58,0.35,0.01,0.17
250.03,0.66,0.7,0.74,0.33,0.07,0.71
240.09,0.21,0.37,0.38,0.16,0.86,0.03
240.148,0.78,0.03,0.92,0.36,0.89,0.45
240.173,0.01,0.09,0.12,0.5,0.09,0.96
250.09,0.25,0.06,0.01,0.25,0.36,0.01
240.165,0.03,0.34,0.15,0.16,0.63,0.27
250.102,0.52,0.62,0.87,0.29,0.17,0.09
240.005,0.94,0.01,0.44,0.54,0.09,0.34
250.08,0.43,0.51,0.53,0.88,0.13,0.87
250.007,0.77,0.68,0.33,0.51,0.49,0.17
250.047,0.47,0.24,0.58,0.57,0.55,0.65
250.124,0.44,0.37,0.06,0.13,0.78,0.88
250.013,0.09,0.13,0.68,0.12,0.81,0.67
250.056,0.67,0.68,0.56,0.94,0.88,0.84
250.113,0.47,0.04,0.01,0.74,0.17,0.35
250.087,0.2,0.04,0.64,0.06,0.43,0.57
250.15,0.98,0.73,0.83,0.26,0.9,0.2
250.048,0.66,0.46,0.68,0.2,0.49,0.3
250.167,0.94,0.44,0.85,0.9,0.34,0.8
240.002,0.76,0.7,0.86,0.83,0.95,0.65
250.155,0.16,0.55,0.2,0.69,0.09,0.89
250.136,0.67,0.26,0.63,0.44,0.36,0.95
250.086,0.11,0.01,0.06,0.92,0.01,0.12
250.1,0.12,0.26,0.29,0.73,0.29,0.09
250.094,0.56,0.46,0.43,0.8,0.29,0.5
250.157,0.51,0.13,0.77,0.49,0.68,0.5
250.178,0.68,0.06,0.31,0.97,0.02,0.52
240.169,0.8,0.94,0.99,0.06,0.99,0.66
250.154,0.63,0.34,0.47,0.61,0.09,0.5
240.015,0.49,0.75,0.01,0.01,0.09,0.02
240.207,0.04,0.19,0.26,0.68,0.59,0.77
250.053,0.73,0.75,0.95,0.35,0.13,0.47
240.192,0.11,0.02,0.26,0.44,0.46,0.09
250.116,0.03,0.44,0.15,0.44,0.43,0.47
240.016,0.17,0.34,0.36,0.79,0.58,0.59
250.065,0.58,0.09,0.52,0.66,0.78,0.44
240.103,0.85,0.4,0.44,0.33,0.22,0.14
240.081,0.21,0.17,0.24,0.63,0.74,0.72
250.158,0.07,0.55,0.35,0.11,0.03,0.14
250.072,0.87,0.79,0.36,0.18,0.46,0.16
240.089,0.06,0.26,0.12,0.1,0.59,0.01
240.183,0.24,0.9,0.17,0.25,0.86,0.36
240.161,0.98,0.95,0.98,0.96,1.0,0.79
240.121,0.57,0.15,0.45,0.38,0.74,0.5
240.08,0.49,0.6,0.73,0.84,0.17,0.49
250.143,0.13,0.24,0.19,0.14,0.43,0.07
250.089,0.29,0.26,0.67,0.39,0.74,0.95
240.03,0.41,0.86,0.8,0.43,0.81,0.42
240.155,0.83,0.37,0.8,0.14,0.81,0.27
240.01,0.95,0.99,0.66,0.25,0.81,0.79
240.071,0.47,0.62,0.48,0.16,0.49,0.8
240.131,0.91,0.95,0.95,0.99,0.55,0.99
250.027,0.64,0.52,0.81,0.42,0.9,0.86
250.057,0.01,0.37,0.33,0.18,0.36,0.85
240.101,0.48,0.84,0.9,0.97,0.36,0.59
250.105,0.7,0.97,0.47,0.75,0.22,0.94
240.092,0.89,0.24,0.06,0.55,0.07,0.82
250.063,0.39,0.65,0.48,0.79,0.03,0.62
250.037,0.74,0.62,0.15,0.13,0.68,0.31
250.14,0.99,0.55,0.61,0.05,0.74,0.89
250.082,0.37,0.4,0.23,0.65,0.06,0.75
240.143,0.38,0.73,0.39,0.32,0.17,0.56
240.013,0.35,0.86,0.09,0.48,0.68,0.08
240.158,0.39,0.75,0.11,0.61,0.63,0.24
240.156,0.74,0.17,0.18,0.42,0.46,0.08
240.06,0.29,0.46,0.43,0.71,0.49,0.42
250.161,0.15,0.26,0.8,0.16,0.03,0.44
250.129,0.36,0.09,0.74,0.54,0.34,0.66
240.197,0.46,0.26,0.66,0.8,0.93,0.55
250.081,0.69,0.55,0.53,0.27,0.63,0.98
250.164,0.15,0.52,0.29,0.3,0.17,0.19
240.141,0.59,0.52,0.03,0.89,0.74,0.62
240.176,0.34,0.24,0.44,0.28,0.49,0.59
240.152,0.06,0.06,0.39,0.01,0.43,0.29
250.006,0.35,0.06,0.71,0.71,0.55,0.76
240.099,0.71,0.73,0.94,0.87,0.94,0.97
240.205,0.53,0.52,0.84,0.65,0.22,0.78
240.168,0.3,0.5,0.5,0.83,0.63,0.12
240.006,0.52,0.7,0.3,0.38,0.22,0.27
240.17,0.79,0.92,0.88,0.63,0.13,0.68
240.066,0.12,0.7,0.14,0.67,0.68,0.68
240.004,0.1,0.9,0.67,0.18,0.63,0.37
250.118,0.19,0.73,0.08,0.01,0.36,0.04
250.084,0.86,0.09,0.4,0.74,0.36,0.71
250.122,0.33,0.8,0.51,0.61,0.55,0.48
240.087,0.56,0.17,0.25,0.37,0.17,0.45
240.055,0.18,0.02,0.12,0.06,0.86,0.83
240.076,0.8,0.4,0.74,0.61,0.22,0.59
250.093,0.89,0.95,0.2,0.31,0.06,0.12
240.149,0.31,0.26,0.68,0.33,0.43,0.72
240.211,0.53,0.34,0.04,0.71,0.63,0.25
240.075,0.42,0.79,0.7,0.93,0.78,0.68
250.033,0.33,0.4,0.03,0.11,0.59,0.9
250.071,0.38,0.55,0.83,0.24,0.68,0.25
240.031,0.84,0.92,0.99,0.86,0.95,0.99
240.125,0.35,0.13,0.34,0.06,0.01,0.33
250.011,0.17,0.09,0.23,0.34,0.49,0.74
250.017,0.4,0.55,0.17,0.06,0.06,0.12
240.105,0.2,0.65,0.86,0.94,0.81,0.57
240.172,0.93,0.85,0.7,0.24,0.78,0.84
250.02,0.18,0.21,0.4,0.1,0.15,0.21
240.038,0.99,0.65,0.92,0.47,0.93,0.92
250.055,0.9,0.13,0.53,0.53,0.36,0.02
240.102,0.93,0.65,0.98,0.98,0.9,0.92
240.132,0.05,0.09,0.09,0.03,0.09,0.2
250.152,0.76,0.46,0.96,0.47,0.88,0.92
